4294967278,442
4294967279,229
4294967278,441
4294967278,440
4294967278,439
4294967278,438
4294967279,225
4294967279,219
4294967279,217
4294967279,511
4294967278,437
4294967279,510
4294967279,509
4294967278,436
4294967278,435
4294967279,508
4294967279,507
4294967279,506
13,13
4294967279,505
11,255
4294967278,434
4294967278,433
4294967279,504
11,254
11,253
4294967278,432
4294967279,503
13,12
11,252
4294967278,431
4294967279,502
4294967279,501
4294967279,500
4294967278,430
4294967278,429
4294967279,499
4294967279,498
4294967278,428
4294967279,497
4294967278,427
4294967279,496
12,8
12,7
4294967279,495
4294967278,426
4294967279,494
4294967278,425
13,11
4294967279,493
4294967278,424
4294967278,423
4294967278,422
4294967279,492
4294967279,491
4294967279,490
11,251
11,250
11,249
11,248
11,247
11,246
11,245
11,244
11,243
11,242
11,241
11,240
11,239
11,238
11,237
4294967278,421
11,236
11,235
11,234
11,233
11,232
11,231
11,230
11,229
11,228
11,227
11,226
11,225
11,224
11,223
11,222
11,221
11,220
11,219
11,218
11,217
11,216
11,215
11,214
11,213
11,212
11,211
11,210
11,209
11,208
11,207
11,206
11,205
11,204
11,203
11,202
11,201
11,200
11,199
11,198
11,197
11,196
11,195
11,194
11,193
11,192
11,191
11,190
11,189
11,188
11,187
11,186
11,185
4294967278,420
4294967279,489
11,184
11,183
11,182
11,181
4294967278,419
4294967294,460
4294967278,418
4294967293,131
4294967293,130
4294967293,129
4294967293,128
4294967293,127
4294967293,126
4294967293,125
4294967293,124
4294967293,123
4294967293,122
4294967293,121
4294967293,120
4294967293,119
4294967293,118
4294967293,117
4294967293,116
4294967293,115
4294967293,114
4294967293,113
4294967293,112
4294967293,111
4294967293,110
4294967293,109
4294967293,108
4294967293,107
4294967293,106
4294967293,105
4294967293,104
4294967293,103
4294967293,102
4294967293,101
4294967293,100
4294967293,99
4294967293,98
4294967293,97
4294967293,96
4294967293,95
4294967293,94
4294967293,93
4294967293,92
4294967293,91
4294967293,90
4294967293,89
4294967293,88
4294967293,87
4294967293,86
4294967293,85
4294967293,84
4294967293,83
4294967293,82
4294967293,81
4294967293,80
4294967293,79
4294967293,78
4294967293,77
4294967293,76
4294967293,75
4294967293,74
4294967293,73
4294967293,72
4294967293,71
4294967293,70
4294967293,69
4294967293,68
4294967293,67
4294967293,66
4294967293,65
4294967293,64
4294967293,63
4294967293,62
4294967293,61
4294967293,60
4294967293,59
4294967293,58
4294967293,57
4294967293,56
4294967293,55
4294967293,54
4294967293,53
4294967293,52
4294967293,51
4294967293,50
4294967293,49
4294967293,48
4294967293,47
4294967293,46
4294967293,45
4294967293,44
4294967293,43
4294967293,42
4294967293,41
4294967293,40
4294967293,39
4294967293,38
4294967293,37
4294967293,36
4294967293,35
4294967293,34
4294967293,33
4294967293,32
4294967293,31
4294967293,30
4294967293,29
4294967293,28
4294967293,27
4294967293,26
4294967293,25
4294967293,24
4294967293,23
4294967293,22
4294967293,21
4294967293,20
4294967293,19
4294967293,18
4294967293,17
4294967293,16
4294967293,15
4294967293,14
4294967293,13
4294967293,12
4294967293,11
4294967293,10
4294967293,9
4294967293,8
4294967293,7
4294967293,6
4294967293,5
4294967293,4
4294967293,3
4294967293,2
4243767290,0
4243767289,0
4243767288,0
4243767287,0
4243767286,0
4243767285,0
4243767284,0
4243767283,0
4243767282,0
4243767281,0
4294967293,0
4294967279,200
4294967279,201
4294967279,86
4294967279,87
4294967279,385
4294967279,386
4294967279,202
4294967279,203
4294967279,89
4294967279,90
4294967279,387
4294967279,388
4294967279,204
4294967279,205
4294967279,91
4294967279,92
4294967279,389
4294967279,390
4294967279,206
4294967279,207
4294967279,93
4294967279,94
4294967279,391
4294967279,479
4294967279,208
4294967279,209
4294967279,95
4294967279,96
4294967279,480
4294967279,394
4294967279,210
4294967279,211
4294967279,97
4294967279,98
4294967279,395
4294967279,396
4294967279,212
4294967279,213
4294967279,99
4294967279,100
4294967279,280
4294967279,214
4294967279,215
4294967279,101
4294967279,102
4294967279,456
4294967279,486
4294967279,216
4294967279,218
4294967279,103
4294967279,104
4294967279,221
4294967279,223
4294967279,220
4294967279,222
4294967279,105
4294967279,106
4294967279,227
4294967279,224
4294967279,226
4294967279,107
4294967279,108
4294967279,228
4294967279,461
4294967279,109
4294967279,230
4294967279,473
4294967279,110
4294967279,232
4294967279,474
4294967279,111
4294967279,234
4294967279,112
4294967279,457
4294967279,475
4294967279,236
4294967279,237
4294967279,113
4294967279,114
4294967279,476
4294967279,441
4294967279,238
4294967279,240
4294967279,115
4294967279,116
4294967279,467
4294967279,466
4294967279,244
4294967279,242
4294967279,117
4294967279,118
4294967279,458
4294967279,487
4294967279,246
4294967279,248
4294967279,119
4294967279,120
4294967279,468
4294967279,249
4294967279,250
4294967279,121
4294967279,122
4294967279,253
4294967279,429
4294967279,252
4294967279,254
4294967279,123
4294967279,124
4294967279,442
4294967279,443
4294967279,430
4294967279,255
4294967279,125
4294967279,126
4294967279,431
4294967279,403
4294967279,402
4294967279,256
4294967279,127
4294967279,128
4294967279,432
4294967279,433
4294967279,404
4294967279,405
4294967279,129
